0 0.7526 0.75111 0.75409
1 0.7526 0.74979 0.75541
2 0.7526 0.74889 0.75631
3 0.7526 0.74815 0.75705
4 0.7526 0.7475 0.75771
5 0.7526 0.7469 0.7583
6 0.7526 0.74635 0.75885
7 0.7526 0.74583 0.75938
8 0.75261 0.74533 0.75988
9 0.75262 0.74486 0.76037
10 0.75264 0.74442 0.76086
11 0.75266 0.74399 0.76134
12 0.75273 0.74361 0.76185
13 0.75284 0.74329 0.7624
14 0.75302 0.74304 0.76301
15 0.75323 0.74282 0.76364
16 0.7531 0.74227 0.76393
17 0.75168 0.74044 0.76292
18 0.74614 0.73448 0.75779
19 0.7284 0.71635 0.74047
20 0.68335 0.67091 0.69583
21 0.59034 0.57754 0.60325
22 0.44892 0.4358 0.46227
23 0.31082 0.29747 0.32463
24 0.22397 0.21043 0.23827
25 0.18362 0.16992 0.19833
26 0.16723 0.15346 0.18214
27 0.16156 0.14777 0.17656
28 0.15937 0.14566 0.17429
29 0.15724 0.14381 0.17186
30 0.15569 0.14258 0.16995
31 0.15443 0.14168 0.16827
32 0.15187 0.13962 0.16515
33 0.14808 0.13643 0.16069
34 0.14477 0.13368 0.15675
35 0.14232 0.1317 0.15376
36 0.13967 0.12952 0.15058
37 0.13706 0.12736 0.14749
38 0.13555 0.12619 0.14559
39 0.13378 0.12476 0.14344
40 0.13133 0.12267 0.1406
41 0.12926 0.12091 0.13819
42 0.12751 0.11942 0.13615
43 0.12585 0.11799 0.13423
44 0.12428 0.11663 0.13243
45 0.12272 0.11526 0.13065
46 0.12109 0.11382 0.12883
47 0.11959 0.11247 0.12717
48 0.11859 0.11158 0.12604
49 0.11771 0.1108 0.12505
50 0.11689 0.11006 0.12415
51 0.1162 0.10944 0.12339
52 0.11552 0.10882 0.12264
53 0.11497 0.10831 0.12205
54 0.11461 0.10798 0.12166
55 0.11446 0.10783 0.1215
56 0.11434 0.10772 0.12138
57 0.11415 0.10753 0.12118
58 0.11394 0.10731 0.12098
59 0.11373 0.1071 0.12077
60 0.11354 0.10689 0.1206
61 0.11339 0.10673 0.12048
62 0.11336 0.10668 0.12048
63 0.11337 0.10665 0.12053
64 0.11331 0.10656 0.1205
65 0.11324 0.10645 0.12047
66 0.11322 0.10639 0.1205
67 0.11314 0.10627 0.12047
68 0.11308 0.10616 0.12045
69 0.11316 0.10619 0.1206
70 0.1133 0.10626 0.12081
71 0.11338 0.10628 0.12095
72 0.11336 0.10621 0.12101
73 0.11336 0.10615 0.12107
74 0.11342 0.10614 0.12121
75 0.11354 0.10619 0.12141
76 0.11375 0.10632 0.12171
77 0.11394 0.10643 0.12199
78 0.11406 0.10647 0.1222
79 0.11416 0.10649 0.12238
80 0.11425 0.1065 0.12256
81 0.11428 0.10646 0.12269
82 0.1143 0.1064 0.1228
83 0.11438 0.1064 0.12297
84 0.11453 0.10646 0.12322
85 0.11469 0.10653 0.12349
86 0.11482 0.10656 0.12372
87 0.11494 0.10659 0.12395
88 0.11509 0.10665 0.12421
89 0.11528 0.10673 0.12452
90 0.11552 0.10687 0.12488
91 0.11578 0.10702 0.12526
92 0.11602 0.10715 0.12562
93 0.11626 0.10729 0.12599
94 0.11653 0.10745 0.12639
95 0.11683 0.10763 0.12682
96 0.11717 0.10785 0.1273
97 0.11759 0.10815 0.12787
98 0.11806 0.10848 0.12848
99 0.11855 0.10884 0.12913
100 0.11908 0.10923 0.12981
101 0.11964 0.10965 0.13053
102 0.12022 0.1101 0.13128
103 0.12084 0.11057 0.13207
104 0.12152 0.11111 0.13292
105 0.12227 0.1117 0.13385
106 0.12305 0.11232 0.13481
107 0.12387 0.11298 0.13581
108 0.12471 0.11365 0.13683
109 0.12558 0.11436 0.1379
110 0.12651 0.11512 0.13902
111 0.12749 0.11593 0.14019
112 0.12854 0.1168 0.14145
113 0.12964 0.11773 0.14275
114 0.1308 0.1187 0.14412
115 0.13201 0.11972 0.14554
116 0.13327 0.1208 0.14702
117 0.13461 0.12194 0.14857
118 0.13601 0.12314 0.15019
119 0.13747 0.1244 0.15188
120 0.13898 0.1257 0.15361
121 0.14054 0.12706 0.15541
122 0.14217 0.12848 0.15726
123 0.14384 0.12995 0.15917
124 0.1456 0.13149 0.16116
125 0.14744 0.13311 0.16324
126 0.14935 0.13481 0.16541
127 0.15136 0.13659 0.16767
128 0.15346 0.13845 0.17002
129 0.15565 0.1404 0.17246
130 0.1579 0.14241 0.17498
131 0.16022 0.14449 0.17757
132 0.16263 0.14665 0.18025
133 0.16512 0.14888 0.18301
134 0.16768 0.15118 0.18585
135 0.17031 0.15356 0.18877
136 0.17299 0.15597 0.19173
137 0.17571 0.15842 0.19474
138 0.17849 0.16093 0.19782
139 0.18133 0.16349 0.20096
140 0.18424 0.16611 0.20416
141 0.18717 0.16876 0.2074
142 0.19012 0.17142 0.21066
143 0.19308 0.17409 0.21393
144 0.19604 0.17675 0.2172
145 0.199 0.17942 0.22048
146 0.20198 0.1821 0.22378
147 0.20499 0.1848 0.22712
148 0.20797 0.18748 0.23044
149 0.21094 0.19013 0.23373
150 0.2139 0.19277 0.23704
151 0.21685 0.1954 0.24033
152 0.21978 0.19801 0.24362
153 0.22272 0.20062 0.24692
154 0.22564 0.2032 0.2502
155 0.22849 0.20571 0.25342
156 0.23129 0.20817 0.2566
157 0.23406 0.21059 0.25974
158 0.23677 0.21295 0.26283
159 0.23946 0.21529 0.26591
160 0.24216 0.21763 0.26901
161 0.24485 0.21994 0.2721
162 0.24749 0.22222 0.27515
163 0.25012 0.22447 0.2782
164 0.25273 0.2267 0.28122
165 0.25528 0.22887 0.2842
166 0.25774 0.23095 0.28707
167 0.26012 0.23296 0.28986
168 0.26246 0.23493 0.29261
169 0.2648 0.23689 0.29535
170 0.26721 0.23893 0.29818
171 0.26964 0.24099 0.30102
172 0.27197 0.24297 0.30374
173 0.27431 0.24497 0.30646
174 0.27678 0.24709 0.30929
175 0.2794 0.24939 0.31227
176 0.28209 0.25179 0.31527
177 0.28479 0.25424 0.31821
178 0.28749 0.25676 0.32109
179 0.29047 0.25962 0.32417
180 0.29408 0.26318 0.32778
181 0.29864 0.26784 0.33215
182 0.30414 0.27378 0.33707
183 0.30971 0.2804 0.34134
184 0.31638 0.28877 0.34597
185 0.32256 0.29745 0.34925
186 0.32579 0.30296 0.3499
187 0.32793 0.30654 0.35043
188 0.33026 0.30972 0.35182
189 0.33232 0.31228 0.3533
190 0.33464 0.31486 0.35534
191 0.33692 0.31726 0.35747
192 0.3385 0.31888 0.359
193 0.33959 0.31995 0.36011
194 0.34054 0.32083 0.36112
195 0.34174 0.32192 0.36244
196 0.34348 0.32351 0.36433
197 0.34515 0.32504 0.36616
198 0.34672 0.32645 0.36788
199 0.34824 0.32783 0.36955
200 0.34921 0.32869 0.37065
201 0.34975 0.32914 0.37128
202 0.35082 0.3301 0.37246
203 0.35226 0.33144 0.37401
204 0.35348 0.33258 0.3753
205 0.35453 0.33359 0.37641
206 0.35612 0.33512 0.37805
207 0.35666 0.33569 0.37857
208 0.35571 0.33483 0.3775
209 0.35589 0.33508 0.37761
210 0.357 0.33624 0.37865
211 0.35919 0.33848 0.38079
212 0.36127 0.34065 0.38276
213 0.36244 0.34198 0.38375
214 0.36269 0.34246 0.38375
215 0.36234 0.34238 0.38312
216 0.36397 0.34422 0.38451
217 0.36713 0.34757 0.38745
218 0.36975 0.35044 0.38979
219 0.37111 0.35213 0.39079
220 0.37352 0.35485 0.39287
221 0.3753 0.35698 0.39426
222 0.37605 0.35812 0.39459
223 0.37796 0.36038 0.39611
224 0.38128 0.36403 0.39909
225 0.38356 0.36668 0.40097
226 0.38613 0.36961 0.40316
227 0.38986 0.37366 0.40653
228 0.39054 0.37475 0.40678
229 0.38907 0.37371 0.40486
230 0.39166 0.37659 0.40714
231 0.39519 0.38039 0.41037
232 0.39664 0.38215 0.41149
233 0.39735 0.38316 0.41188
234 0.39591 0.38205 0.41011
235 0.39152 0.378 0.40536
236 0.38394 0.37078 0.39742
237 0.37851 0.36559 0.39175
238 0.37305 0.36033 0.38607
239 0.36236 0.34992 0.37511
240 0.34703 0.33491 0.35946
241 0.33043 0.31859 0.34259
242 0.3108 0.29927 0.32267
243 0.28747 0.2763 0.299
244 0.26544 0.25455 0.27672
245 0.24465 0.23399 0.25572
246 0.22204 0.21169 0.23283
247 0.20069 0.19065 0.21121
248 0.18206 0.17227 0.19235
249 0.16437 0.1549 0.17438
250 0.14785 0.13875 0.15753
251 0.13428 0.12551 0.14364
252 0.12426 0.11574 0.13341
253 0.11642 0.10813 0.12535
254 0.11015 0.1021 0.11884
255 0.10553 0.097702 0.11401
256 0.10172 0.094135 0.10994
257 0.098827 0.091483 0.10679
258 0.098113 0.090894 0.10593
259 0.098688 0.091537 0.10642
260 0.099707 0.092621 0.10736
261 0.1011 0.094068 0.10867
262 0.10296 0.095969 0.11048
263 0.10479 0.097851 0.11225
264 0.10662 0.099725 0.114
265 0.10914 0.10226 0.11651
266 0.11207 0.10516 0.11944
267 0.11486 0.10794 0.12223
268 0.11774 0.11079 0.12512
269 0.12082 0.11384 0.12824
270 0.12376 0.11674 0.1312
271 0.12671 0.11964 0.13418
272 0.13033 0.12318 0.13788
273 0.13432 0.12707 0.14198
274 0.13822 0.13087 0.14598
275 0.142 0.13454 0.14985
276 0.14574 0.13818 0.1537
277 0.14933 0.14167 0.15738
278 0.15281 0.14505 0.16096
279 0.15703 0.14914 0.16531
280 0.16159 0.15355 0.17003
281 0.16606 0.15788 0.17465
282 0.17095 0.16259 0.1797
283 0.17587 0.16735 0.18479
284 0.18044 0.17177 0.18951
285 0.18507 0.17625 0.19428
286 0.19006 0.18109 0.19944
287 0.19524 0.1861 0.20479
288 0.20044 0.19114 0.21015
289 0.20531 0.19587 0.21516
290 0.20944 0.19989 0.21939
291 0.21361 0.20395 0.22367
292 0.21825 0.20847 0.22844
293 0.22338 0.21345 0.2337
294 0.22866 0.21859 0.23912
295 0.23388 0.22369 0.24448
296 0.23872 0.2284 0.24942
297 0.24265 0.23225 0.25344
298 0.24682 0.23633 0.2577
299 0.25177 0.24116 0.26278
300 0.25704 0.24629 0.26818
301 0.26235 0.25146 0.27362
302 0.26758 0.25655 0.27898
303 0.27247 0.26132 0.284
304 0.27718 0.2659 0.28884
305 0.28113 0.26974 0.2929
306 0.28436 0.27288 0.29624
307 0.28839 0.27677 0.30041
308 0.29256 0.28078 0.30473
309 0.29617 0.28424 0.30849
310 0.29908 0.28701 0.31153
311 0.30134 0.28915 0.31394
312 0.30306 0.29074 0.31579
313 0.30424 0.29179 0.31711
314 0.30564 0.29304 0.31866
315 0.30796 0.29517 0.32117
316 0.31025 0.29726 0.32368
317 0.31156 0.29839 0.32518
318 0.31207 0.29873 0.32587
319 0.31192 0.29841 0.3259
320 0.31131 0.29763 0.32547
321 0.31114 0.29726 0.32551
322 0.31086 0.29676 0.32546
323 0.30978 0.29548 0.32461
324 0.30783 0.29333 0.32288
325 0.305 0.29031 0.32027
326 0.30112 0.28625 0.31659
327 0.29609 0.28106 0.31174
328 0.29135 0.27613 0.30723
329 0.28671 0.27128 0.30284
330 0.28126 0.26562 0.29763
331 0.2756 0.25976 0.29222
332 0.26992 0.25387 0.28679
333 0.26391 0.24767 0.28101
334 0.25789 0.24148 0.27522
335 0.25253 0.23593 0.27011
336 0.24778 0.23098 0.2656
337 0.24355 0.22656 0.26162
338 0.24004 0.22285 0.25835
339 0.23761 0.22019 0.2562
340 0.23573 0.21809 0.25459
341 0.23435 0.21649 0.25347
342 0.23401 0.2159 0.25341
343 0.23455 0.21616 0.25427
344 0.23557 0.21689 0.25561
345 0.23686 0.21791 0.25721
346 0.23835 0.21913 0.25901
347 0.24011 0.2206 0.26106
348 0.24213 0.22235 0.2634
349 0.24475 0.22465 0.26635
350 0.24771 0.22728 0.26967
351 0.25066 0.22989 0.27297
352 0.25377 0.23267 0.27646
353 0.25692 0.23548 0.27997
354 0.26001 0.23823 0.28343
355 0.26318 0.24105 0.28696
356 0.26654 0.24404 0.29072
357 0.26998 0.24711 0.29456
358 0.2734 0.25014 0.29839
359 0.27679 0.25315 0.3022
360 0.2801 0.25606 0.30593
361 0.28333 0.2589 0.30957
362 0.28656 0.26173 0.31324
363 0.28969 0.26446 0.31681
364 0.29261 0.26698 0.32015
365 0.29551 0.26948 0.32349
366 0.29833 0.27188 0.32675
367 0.30099 0.27414 0.32986
368 0.30368 0.27641 0.333
369 0.30641 0.2787 0.33621
370 0.30895 0.28082 0.33922
371 0.31133 0.28276 0.34208
372 0.31366 0.28465 0.34489
373 0.31601 0.28655 0.34774
374 0.31833 0.2884 0.35057
375 0.32054 0.29015 0.3533
376 0.32262 0.29175 0.35589
377 0.32533 0.29394 0.35919
378 0.32827 0.29632 0.36274
379 0.33069 0.29822 0.36574
380 0.33271 0.29973 0.36832
381 0.33428 0.30082 0.37043
382 0.33508 0.3012 0.37172
383 0.33465 0.30044 0.37168
384 0.33529 0.30065 0.37281
385 0.3377 0.30249 0.37586
386 0.33789 0.30228 0.37651
387 0.33613 0.30027 0.37508
388 0.33408 0.29798 0.37333
389 0.32965 0.29352 0.36903
390 0.32431 0.2882 0.36374
391 0.31984 0.28366 0.35942
392 0.31685 0.28047 0.35673
393 0.31224 0.27581 0.35228
394 0.30425 0.26808 0.34411
395 0.29608 0.26021 0.33574
396 0.28506 0.24981 0.3242
397 0.27023 0.23604 0.30836
398 0.25769 0.22441 0.29498
399 0.24683 0.21437 0.28334
400 0.23594 0.20442 0.27153
401 0.22525 0.19478 0.25979
402 0.21591 0.18645 0.2494
403 0.20555 0.17736 0.23767
404 0.19532 0.16853 0.22592
405 0.19512 0.16879 0.22511
406 0.19856 0.17234 0.22832
407 0.1997 0.17396 0.22881
408 0.19881 0.17385 0.22696
409 0.19884 0.17458 0.22609
410 0.19675 0.17345 0.22284
411 0.19196 0.16988 0.21663
412 0.18967 0.1685 0.21324
413 0.18938 0.1689 0.21211
414 0.1884 0.16866 0.21024
415 0.18816 0.16814 0.21034
416 0.18796 0.16764 0.21049
417 0.18776 0.16716 0.21065
418 0.1878 0.16688 0.21108
419 0.18804 0.16678 0.21175
420 0.1879 0.16634 0.212
421 0.18755 0.1657 0.21201
422 0.18741 0.16528 0.21223
