0 0.7295 0.72801 0.73099
1 0.7295 0.72669 0.73231
2 0.7295 0.72579 0.73321
3 0.7295 0.72506 0.73395
4 0.7295 0.72441 0.7346
5 0.7295 0.72381 0.7352
6 0.7295 0.72326 0.73575
7 0.7295 0.72274 0.73627
8 0.7295 0.72224 0.73677
9 0.7295 0.72176 0.73725
10 0.72951 0.7213 0.73773
11 0.72952 0.72085 0.73819
12 0.72955 0.72044 0.73867
13 0.72959 0.72004 0.73914
14 0.72962 0.71965 0.7396
15 0.72961 0.71922 0.74001
16 0.72916 0.71835 0.73998
17 0.72727 0.71604 0.73851
18 0.72136 0.70972 0.73301
19 0.70391 0.69187 0.71596
20 0.66019 0.64778 0.67266
21 0.57071 0.55793 0.5836
22 0.43541 0.42233 0.44874
23 0.30371 0.29039 0.3175
24 0.22062 0.20712 0.23488
25 0.18136 0.16775 0.19597
26 0.16669 0.15295 0.18159
27 0.16272 0.14884 0.17781
28 0.16128 0.14743 0.17634
29 0.16223 0.14842 0.17725
30 0.16332 0.14965 0.17816
31 0.16299 0.14965 0.17744
32 0.16181 0.14891 0.17575
33 0.16199 0.14947 0.1755
34 0.16196 0.14985 0.175
35 0.16084 0.14922 0.17333
36 0.15992 0.14875 0.17188
37 0.1589 0.14817 0.17036
38 0.15711 0.14685 0.16805
39 0.15473 0.14493 0.16516
40 0.15233 0.14295 0.1623
41 0.15075 0.14171 0.16035
42 0.15005 0.14127 0.15936
43 0.1491 0.14057 0.15812
44 0.14797 0.13967 0.15674
45 0.14667 0.1386 0.1552
46 0.1451 0.13724 0.1534
47 0.14407 0.13638 0.15219
48 0.14368 0.1361 0.15166
49 0.1434 0.13592 0.15128
50 0.14279 0.13541 0.15056
51 0.14203 0.13475 0.1497
52 0.14124 0.13404 0.14881
53 0.14039 0.13327 0.14787
54 0.1399 0.13283 0.14732
55 0.13959 0.13256 0.14697
56 0.13914 0.13215 0.14649
57 0.13869 0.13173 0.14601
58 0.13813 0.13119 0.14542
59 0.13767 0.13075 0.14494
60 0.13742 0.1305 0.14469
61 0.13738 0.13045 0.14467
62 0.13737 0.13042 0.14469
63 0.13724 0.13027 0.14457
64 0.13708 0.13009 0.14443
65 0.1368 0.1298 0.14417
66 0.13652 0.1295 0.14392
67 0.13644 0.12939 0.14387
68 0.13659 0.12949 0.14408
69 0.13685 0.12969 0.14439
70 0.13704 0.12983 0.14464
71 0.13714 0.12988 0.1448
72 0.13718 0.12987 0.14489
73 0.13715 0.12979 0.14491
74 0.13714 0.12973 0.14496
75 0.13723 0.12976 0.14511
76 0.13737 0.12984 0.14533
77 0.13751 0.12991 0.14554
78 0.13756 0.1299 0.14566
79 0.13762 0.1299 0.14579
80 0.13778 0.12999 0.14603
81 0.13803 0.13016 0.14636
82 0.13834 0.13039 0.14677
83 0.13871 0.13068 0.14723
84 0.13907 0.13095 0.14769
85 0.13939 0.13118 0.14809
86 0.13973 0.13144 0.14854
87 0.1401 0.13171 0.149
88 0.14044 0.13197 0.14945
89 0.14085 0.13228 0.14996
90 0.14135 0.13268 0.15056
91 0.14182 0.13306 0.15115
92 0.14219 0.13333 0.15162
93 0.14249 0.13354 0.15202
94 0.1427 0.13367 0.15233
95 0.14291 0.13379 0.15263
96 0.14317 0.13397 0.153
97 0.14355 0.13424 0.15347
98 0.14397 0.13457 0.15401
99 0.14437 0.13487 0.15452
100 0.14476 0.13516 0.15502
101 0.14516 0.13546 0.15554
102 0.14559 0.13579 0.15608
103 0.14609 0.13618 0.15669
104 0.14666 0.13664 0.15739
105 0.14724 0.13711 0.15808
106 0.14781 0.13757 0.15878
107 0.14838 0.13804 0.15948
108 0.14895 0.13849 0.16016
109 0.14957 0.13901 0.16091
110 0.15028 0.1396 0.16175
111 0.15104 0.14024 0.16264
112 0.15185 0.14093 0.16358
113 0.15269 0.14165 0.16456
114 0.15356 0.14239 0.16556
115 0.15444 0.14314 0.16658
116 0.15536 0.14394 0.16763
117 0.15637 0.14482 0.16878
118 0.15744 0.14577 0.17
119 0.15857 0.14676 0.17128
120 0.15976 0.14781 0.17261
121 0.16098 0.1489 0.17398
122 0.16223 0.15001 0.17538
123 0.16356 0.1512 0.17686
124 0.165 0.1525 0.17845
125 0.16654 0.15389 0.18016
126 0.16816 0.15536 0.18194
127 0.16984 0.15688 0.18378
128 0.17159 0.15848 0.1857
129 0.17341 0.16014 0.1877
130 0.17534 0.1619 0.1898
131 0.17739 0.16379 0.19204
132 0.17956 0.16578 0.1944
133 0.18184 0.16788 0.19687
134 0.18419 0.17004 0.19942
135 0.18655 0.17221 0.20197
136 0.18892 0.1744 0.20453
137 0.19132 0.17662 0.20713
138 0.19384 0.17894 0.20985
139 0.19647 0.18137 0.21268
140 0.19913 0.18383 0.21556
141 0.20181 0.18631 0.21845
142 0.20454 0.18884 0.2214
143 0.20727 0.19137 0.22434
144 0.20997 0.19386 0.22725
145 0.2127 0.19639 0.2302
146 0.21552 0.19899 0.23324
147 0.21844 0.20169 0.2364
148 0.22146 0.20448 0.23966
149 0.22451 0.20729 0.24295
150 0.22761 0.21015 0.2463
151 0.23072 0.21303 0.24967
152 0.23384 0.21591 0.25304
153 0.23704 0.21886 0.2565
154 0.24029 0.22186 0.26001
155 0.24357 0.22489 0.26355
156 0.24694 0.228 0.26719
157 0.25031 0.23112 0.27082
158 0.25366 0.23424 0.27442
159 0.25704 0.23738 0.27805
160 0.26053 0.24063 0.28177
161 0.26393 0.24383 0.28539
162 0.26729 0.247 0.28893
163 0.2707 0.25024 0.29251
164 0.27392 0.25333 0.29585
165 0.27701 0.25633 0.29903
166 0.28013 0.25938 0.3022
167 0.28328 0.2625 0.30537
168 0.28609 0.26533 0.30812
169 0.2886 0.26792 0.31054
170 0.29112 0.27053 0.31294
171 0.29339 0.27293 0.31505
172 0.29538 0.27507 0.31685
173 0.29758 0.27743 0.31888
174 0.29975 0.27975 0.32084
175 0.30141 0.2816 0.32229
176 0.30282 0.28319 0.32349
177 0.30403 0.28457 0.32451
178 0.30498 0.28567 0.32529
179 0.3059 0.28671 0.32608
180 0.30693 0.28782 0.327
181 0.30784 0.28881 0.32783
182 0.30862 0.28965 0.32854
183 0.30961 0.29066 0.3295
184 0.31072 0.29177 0.3306
185 0.31164 0.29269 0.33151
186 0.31245 0.2935 0.33233
187 0.3134 0.29442 0.3333
188 0.31449 0.29547 0.33444
189 0.31574 0.29667 0.33574
190 0.317 0.29787 0.33705
191 0.31815 0.29897 0.33826
192 0.31922 0.29998 0.33938
193 0.32025 0.30096 0.34048
194 0.32141 0.30204 0.3417
195 0.32284 0.30339 0.34322
196 0.32426 0.30472 0.34472
197 0.32554 0.30593 0.34609
198 0.32681 0.30711 0.34744
199 0.32827 0.30848 0.34899
200 0.32976 0.30988 0.35058
201 0.3315 0.31152 0.35243
202 0.3336 0.31351 0.35464
203 0.33568 0.31549 0.35682
204 0.33778 0.31749 0.35901
205 0.34007 0.31968 0.3614
206 0.342 0.32155 0.3634
207 0.34337 0.32287 0.36482
208 0.34497 0.32441 0.36646
209 0.34699 0.32636 0.36856
210 0.34933 0.32862 0.37097
211 0.35126 0.33049 0.37295
212 0.35264 0.33185 0.37435
213 0.35407 0.33326 0.3758
214 0.35538 0.33455 0.37712
215 0.35691 0.33607 0.37867
216 0.35867 0.33781 0.38044
217 0.36023 0.33937 0.38199
218 0.3624 0.34153 0.38416
219 0.36525 0.34436 0.38703
220 0.36743 0.34656 0.38916
221 0.3684 0.34762 0.39004
222 0.37066 0.34992 0.39224
223 0.37379 0.35308 0.39533
224 0.37697 0.35631 0.39843
225 0.38031 0.35973 0.40168
226 0.38409 0.36359 0.40536
227 0.38655 0.36621 0.40765
228 0.38803 0.36788 0.4089
229 0.39132 0.37132 0.41203
230 0.39445 0.37463 0.41496
231 0.39738 0.37775 0.41767
232 0.40002 0.38061 0.42006
233 0.40297 0.38379 0.42278
234 0.40435 0.38544 0.42385
235 0.40279 0.38423 0.42193
236 0.40216 0.38389 0.421
237 0.40217 0.38415 0.42074
238 0.39815 0.38049 0.41635
239 0.38832 0.37112 0.40606
240 0.37772 0.3609 0.39507
241 0.36299 0.34662 0.3799
242 0.34356 0.3277 0.35998
243 0.32551 0.31004 0.34157
244 0.30832 0.29316 0.32408
245 0.2904 0.27557 0.30586
246 0.27193 0.25746 0.28706
247 0.25124 0.23726 0.26591
248 0.23063 0.21718 0.24479
249 0.21218 0.19923 0.22586
250 0.19757 0.18502 0.21088
251 0.18709 0.17482 0.20014
252 0.17646 0.1646 0.1891
253 0.16824 0.15675 0.18052
254 0.16282 0.15162 0.17481
255 0.15698 0.14617 0.16855
256 0.1516 0.14121 0.16272
257 0.14986 0.1397 0.16073
258 0.15027 0.14024 0.16099
259 0.15094 0.14106 0.16148
260 0.15204 0.14231 0.1624
261 0.15336 0.14378 0.16355
262 0.1541 0.14471 0.16408
263 0.15443 0.14525 0.16417
264 0.15578 0.14675 0.16535
265 0.15736 0.14845 0.16677
266 0.15884 0.15006 0.16811
267 0.16063 0.15195 0.16978
268 0.16252 0.15393 0.17157
269 0.16387 0.15538 0.17281
270 0.16527 0.15687 0.1741
271 0.16752 0.15915 0.1763
272 0.17015 0.16179 0.17891
273 0.17314 0.16477 0.18189
274 0.17604 0.16767 0.1848
275 0.17899 0.17059 0.18776
276 0.1817 0.17329 0.19048
277 0.18408 0.17567 0.19286
278 0.18713 0.17868 0.19594
279 0.19091 0.18239 0.19979
280 0.19452 0.18593 0.20346
281 0.198 0.18936 0.20701
282 0.20108 0.19239 0.21013
283 0.20392 0.19518 0.213
284 0.20691 0.19812 0.21605
285 0.21009 0.20124 0.21928
286 0.21369 0.20476 0.22296
287 0.21804 0.209 0.22742
288 0.22193 0.21281 0.23139
289 0.22493 0.21575 0.23445
290 0.22754 0.21831 0.2371
291 0.22981 0.22055 0.2394
292 0.23239 0.22307 0.24204
293 0.23531 0.22592 0.24502
294 0.23803 0.22858 0.24781
295 0.24049 0.23098 0.25033
296 0.24215 0.2326 0.25202
297 0.24363 0.23405 0.25355
298 0.2456 0.23595 0.25557
299 0.24788 0.23817 0.25793
300 0.25049 0.24069 0.26063
301 0.25288 0.24299 0.2631
302 0.25458 0.24463 0.26487
303 0.25579 0.24579 0.26613
304 0.25705 0.24699 0.26745
305 0.25861 0.24848 0.26908
306 0.26062 0.2504 0.27118
307 0.26254 0.25223 0.27319
308 0.26399 0.25361 0.27473
309 0.26515 0.2547 0.27596
310 0.26645 0.25591 0.27734
311 0.26762 0.257 0.27859
312 0.26842 0.25774 0.27947
313 0.26983 0.25904 0.28098
314 0.27186 0.26095 0.28313
315 0.27407 0.26304 0.28548
316 0.27626 0.26509 0.28781
317 0.27851 0.2672 0.29019
318 0.28017 0.26875 0.29198
319 0.28081 0.2693 0.29273
320 0.28201 0.27037 0.29406
321 0.28386 0.27206 0.29606
322 0.28496 0.27302 0.29731
323 0.28535 0.27329 0.29784
324 0.28495 0.27277 0.29757
325 0.28289 0.27063 0.2956
326 0.27962 0.2673 0.29239
327 0.27659 0.26418 0.28946
328 0.27403 0.2615 0.28705
329 0.27058 0.25795 0.28372
330 0.26615 0.25343 0.27939
331 0.26138 0.24858 0.27472
332 0.25542 0.24258 0.26882
333 0.2492 0.23634 0.26264
334 0.24415 0.23123 0.25768
335 0.24031 0.22728 0.25396
336 0.23623 0.22314 0.24997
337 0.23152 0.21843 0.24529
338 0.22714 0.21406 0.24091
339 0.22294 0.20989 0.23669
340 0.21932 0.20631 0.23305
341 0.21732 0.20429 0.23108
342 0.21628 0.20322 0.23007
343 0.21516 0.2021 0.22897
344 0.21433 0.20128 0.22813
345 0.21352 0.20049 0.22729
346 0.21242 0.19945 0.22613
347 0.21168 0.19877 0.22534
348 0.21216 0.19924 0.22582
349 0.21331 0.20036 0.227
350 0.21452 0.20154 0.22822
351 0.21593 0.20292 0.22966
352 0.2175 0.20446 0.23128
353 0.21907 0.20599 0.23288
354 0.22067 0.20755 0.23451
355 0.22282 0.20963 0.23672
356 0.22544 0.21216 0.23943
357 0.22817 0.2148 0.24226
358 0.2312 0.21772 0.2454
359 0.23447 0.22086 0.2488
360 0.23733 0.22361 0.25176
361 0.23976 0.22595 0.25429
362 0.24272 0.22879 0.25737
363 0.24596 0.23189 0.26074
364 0.24882 0.23463 0.26373
365 0.25174 0.23742 0.26678
366 0.25521 0.24073 0.27042
367 0.25805 0.24343 0.2734
368 0.26039 0.24565 0.27585
369 0.26344 0.24854 0.27907
370 0.26694 0.25186 0.28276
371 0.27038 0.25511 0.28639
372 0.27357 0.25812 0.28977
373 0.27639 0.26077 0.29276
374 0.27887 0.26309 0.29541
375 0.28154 0.26557 0.29827
376 0.28481 0.26863 0.30177
377 0.28803 0.27162 0.30522
378 0.29086 0.27424 0.30827
379 0.2934 0.27657 0.31103
380 0.29563 0.27859 0.31348
381 0.29742 0.28018 0.31549
382 0.29851 0.28108 0.31678
383 0.29975 0.28211 0.31825
384 0.30102 0.28315 0.31977
385 0.30193 0.28382 0.32093
386 0.30256 0.28421 0.32182
387 0.3029 0.28429 0.32244
388 0.30276 0.2839 0.32258
389 0.30196 0.28285 0.32207
390 0.30158 0.28216 0.32203
391 0.30092 0.28117 0.32174
392 0.29885 0.27881 0.32
393 0.2956 0.2753 0.31705
394 0.29198 0.27142 0.31377
395 0.28761 0.26679 0.30971
396 0.28207 0.26104 0.30445
397 0.27644 0.25519 0.2991
398 0.27164 0.25012 0.29465
399 0.26718 0.24538 0.29055
400 0.26281 0.24073 0.28654
401 0.25857 0.23623 0.28264
402 0.25461 0.23202 0.27901
403 0.25051 0.22772 0.27519
404 0.24727 0.22427 0.27222
405 0.24749 0.22419 0.27279
406 0.24777 0.22417 0.27342
407 0.24734 0.22351 0.27329
408 0.24675 0.2227 0.27296
409 0.24541 0.22121 0.27181
410 0.2439 0.21957 0.27049
411 0.2441 0.21949 0.27101
412 0.24539 0.22042 0.27272
413 0.24591 0.22065 0.27358
414 0.24558 0.22011 0.27351
415 0.24507 0.21941 0.27323
416 0.2441 0.2183 0.27244
417 0.24237 0.2165 0.27082
418 0.24182 0.21578 0.27048
419 0.24271 0.21637 0.27172
420 0.2439 0.21724 0.27329
421 0.24389 0.21683 0.27378
422 0.2439 0.21646 0.27424
